# Row numbers in WebsiteScrapper 2.ods that contain duplicate products
1
3
4
6
7
9
10
11
13
14
15
16
17
18
19
20
21
22
23
24
28
30
31
32
33
34
35
38
39
40
41
42
45
46
47
49
50
51
54
60
66
68
71
73
75
79
81
82
83
84
89
91
92
93
94
95
97
98
100
101
103
104
105
106
109
110
111
112
115
116
117
118
119
120
121
122
123
124
125
126
128
130
131
132
135
136
137
138
139
140
141
147
148
150
151
152
154
156
157
159
160
161
162
163
164
165
166
167
168
169
171
172
173
174
175
176
177
178
179
181
182
184
185
187
188
189
190
191
192
193
194
195
196
197
198
199
200
201
202
203
204
205
206
207
208
209
210
211
212
213
214
215
216
217
218
219
220
221
223
224
225
226
227
228
229
230
231
232
233
235
236
237
238
239
240
241
242
243
244
247
248
250
251
252
253
254
255
256
257
258
259
260
261
262
263
264
265
266
267
269
270
271
273
274
275
276
277
278
279
280
281
282
283
284
285
286
287
288
289
290
291
292
293
294
295
297
298
299
300
301
302
303
304
305
306
307
308
310
311
313
314
316
317
318
319
320
321
322
323
324
325
327
328
329
330
331
332
333
334
335
337
338
339
340
341
342
343
344
345
346
347
348
349
350
351
352
353
354
356
357
358
359
360
361
362
363
364
365
366
367
368
369
370
371
372
373
374
375
376
377
378
379
380
382
384
386
387
388
389
390
391
392
394
395
396
397
398
399
400
402
403
404
405
407
408
409
411
412
413
414
415
417
418
420
421
422
423
424
425
427
428
429
430
431
432
433
434
435
436
437
438
439
441
443
444
445
446
447
448
449
450
451
452
453
454
455
456
457
458
459
460
461
462
464
465
466
467
468
469
470
473
474
475
477
478
479
480
481
482
484
485
486
487
488
489
490
491
492
493
494
495
496
497
499
500
501
502
504
505
506
507
508
509
510
511
512
513
514
515
516
517
518
519
522
523
524
525
526
527
528
529
530
531
532
533
534
536
537
538
539
540
541
542
544
545
546
547
550
552
553
554
555
556
557
558
559
560
561
562
563
564
565
566
567
568
570
571
572
573
574
575
576
577
578
579
580
581
582
583
584
586
587
588
589
590
592
593
594
595
596
597
598
599
600
601
602
603
604
605
606
608
609
610
611
612
613
614
615
616
617
618
619
621
623
625
626
627
629
630
631
632
633
634
635
636
637
639
641
643
644
645
646
647
648
649
651
652
653
654
655
656
657
658
659
660
661
662
663
664
665
666
667
668
669
670
671
672
673
674
675
676
677
678
680
681
682
683
685
686
688
689
690
691
692
693
694
695
696
697
698
699
700
701
702
703
704
705
706
707
709
710
711
712
713
714
715
716
717
718
719
720
721
722
723
724
725
726
729
731
732
733
734
735
736
737
739
740
741
742
744
745
746
747
748
749
750
751
752
753
754
755
756
757
758
759
760
761
762
763
764
765
766
767
768
769
770
771
772
773
774
775
776
778
779
780
781
783
784
785
786
787
788
789
790
791
792
793
794
795
796
797
798
799
800
801
802
803
804
805
806
808
809
810
811
812
813
814
815
816
817
819
821
823
824
825
826
827
828
829
830
831
832
833
834
835
836
837
838
839
840
841
842
843
844
845
846
847
848
850
851
852
853
854
855
856
857
859
860
861
862
863
864
865
866
867
868
869
870
871
872
873
874
875
876
877
878
879
881
882
883
885
887
889
890
891
892
893
894
895
896
897
898
899
900
901
902
903
905
906
907
908
909
910
911
912
913
914
915
917
919
920
921
922
923
924
925
926
927
928
929
930
931
932
933
934
935
936
937
938
939
940
941
942
943
944
946
947
948
949
950
951
952
953
954
955
956
957
958
959
960
961
962
963
964
965
966
967
968
969
970
971
972
973
974
975
976
978
979
981
982
983
984
985
986
988
989
990
991
992
993
994
995
996
997
998
1000
1001
1002
1003
1004
1005
1006
1007
1008
1009
1010
1011
1012
1013
1014
1015
1016
1017
1018
1019
1020
1021
1022
1023
1024
1025
1026
1027
1028
1029
1030
1031
1032
1033
1034
1035
1036
1037
1038
1039
1040
1041
1043
1044
1045
1046
1047
1048
1049
1050
1051
1052
1053
1054
1055
1056
1057
1058
1059
1061
1062
1063
1064
1065
1067
1068
1069
1070
1071
1072
1073
1074
1075
1077
1078
1079
1080
1081
1082
1083
1084
1085
1086
1087
1088
1089
1090
1091
1092
1094
1095
1096
1097
1098
1099
1100
1102
1103
1105
1106
1107
1108
1109
1110
1111
1112
1113
1115
1116
1118
1119
1120
1121
1122
1123
1124
1125
1126
1127
1128
1129
1131
1132
1133
1134
1135
1137
1138
1139
1140
1141
1142
1143
1144
1145
1146
1147
1148
1149
1150
1151
1152
1153
1154
1155
1156
1157
1159
1161
1162
1163
1164
1166
1167
1168
1169
1170
1171
1172
1173
1174
1175
1176
1177
1178
1180
1181
1183
1184
1185
1186
1187
1188
1189
1190
1191
1192
1193
1194
1195
1196
1197
1198
1199
1200
1201
1203
1204
1205
1206
1207
1208
1211
1213
1215
1216
1217
1218
1220
1221
1222
1223
1224
1225
1226
1227
1228
1231
1232
1233
1235
1236
1237
1238
1239
1240
1242
1243
1244
1245
1246
1247
1248
1249
1250
1251
1252
1253
1254
1255
1256
1258
1259
1260
1261
1262
1263
1264
1265
1266
1267
1269
1270
1271
1272
1273
1274
1275
1276
1277
1278
1279
1280
1281
1282
1283
1284
1285
1286
1287
1288
1289
1290
1291
1293
1294
1295
1296
1297
1298
1299
1300
1301
1302
1303
1304
1305
1306
1307
1308
1309
1310
1311
1312
1313
1314
1315
1316
1318
1319
1320
1321
1322
1323
1324
1325
1326
1327
1328
1329
1331
1332
1333
1334
1335
1336
1337
1338
1339
1340
1341
1342
1343
1344
1345
1346
1347
1348
1349
1350
1351
1352
1353
1354
1355
1356
1357
1358
1359
1360
1361
1362
1363
1364
1365
1366
1367
1368
1369
1370
1371
1372
1373
1374
1375
1376
1378
1379
1381
1382
1383
1384
1385
1386
1387
1388
1389
1390
1391
1392
1393
1394
1395
1396
1397
1398
1399
1400
1401
1402
1403
1404
1405
1406
1407
1408
1409
1410
1411
1412
1413
1414
1415
1416
1417
1418
1419
1420
1421
1422
1423
1425
1426
1427
1428
1429
1430
1431
1432
1433
1434
1435
1438
1439
1440
1441
1442
1443
1444
1445
1446
1447
1448
1450
1451
1452
1453
1454
1455
1456
1457
1459
1460
1461
1462
1463
1464
1465
1466
1467
1468
1469
1470
1471
1472
1473
1474
1475
1476
1477
1478
1479
1480
1481
1482
1483
1484
1485
1486
1487
1488
1489
1491
1492
1493
1494
1495
1496
1497
1499
1500
1501
1502
1503
1504
1506
1507
1508
1509
1510
1511
1512
1513
1514
1515
1516
1517
1518
1519
1520
1521
1522
1523
1524
1525
1527
1528
1530
1531
1532
1533
1534
1535
1536
1537
1538
1539
1540
1541
1542
1543
1544
1545
1546
1547
1548
1549
1550
1551
1552
1554
1555
1556
1557
1558
1560
1561
1562
1563
1564
1565
1566
1567
1568
1569
1570
1571
1572
1574
1575
1576
1577
1578
1579
1580
1582
1583
1584
1585
1586
1587
1588
1589
1590
1591
1592
1593
1594
1595
1596
1597
1598
1599
1600
1601
1602
1603
1605
1607
1608
1609
1610
1611
1612
1613
1614
1615
1616
1617
1618
1619
1620
1621
1622
1623
1624
1625
1626
1627
1628
1629
1630
1631
1632
1633
1634
1635
1636
1637
1638
1639
1640
1641
1642
1643
1644
1645
1646
1647
1648
1649
1650
1651
1652
1653
1655
1656
1657
1658
1659
1660
1661
1662
1663
1664
1665
1666
1667
1668
1669
1670
1671
1672
1673
1674
1675
1676
1677
1678
1679
1681
1682
1683
1684
1685
1688
1689
1690
1691
1692
1693
1694
1695
1696
1697
1698
1700
1701
1702
1703
1704
1706
1707
1709
1710
1711
1713
1714
1715
1716
1717
1718
1719
1720
1721
1722
1723
1725
1726
1727
1728
1729
1730
1731
1733
1734
1735
1736
1737
1738
1739
1740
1741
1742
1743
1744
1745
1746
1747
1748
1749
1750
1751
1752
1755
1756
1758
1759
1760
1763
1764
1765
1766
1767
1768
1770
1771
1773
1774
1776
1778
1779
1780
1781
1782
1783
1784
1785
1786
1787
1788
1789
1790
1791
1792
1793
1794
1795
1796
1797
1798
1800
1801
1802
1803
1804
1805
1806
1807
1808
1809
1810
1811
1812
1813
1814
1815
1817
1819
1820
1822
1823
1824
1825
1826
1827
1828
1829
1830
1831
1832
1833
1834
1835
1836
1837
1838
1839
1841
1842
1843
1844
1845
1846
1847
1848
1849
1850
1852
1853
1854
1855
1856
1857
1858
1859
1860
1861
1862
1863
1864
1865
1866
1867
1868
1869
1870
1871
1872
1873
1874
1875
1876
1877
1878
1879
1881
1882
1883
1884
1885
1886
1887
1888
1889
1890
1891
1892
1893
1894
1895
1896
1897
1898
1899
1900
1901
1902
1903
1904
1905
1906
1907
1908
1909
1910
1911
1912
1913
1914
1915
1916
1918
1919
1920
1921
1922
1923
1924
1925
1926
1927
1928
1929
1930
1931
1932
1933
1934
1935
1937
1938
1940
1941
1942
1943
1944
1945
1947
1948
1949
1950
1951
1952
1953
1954
1955
1957
1958
1959
1960
1961
1962
1963
1964
1965
1966
1967
1968
1969
1970
1971
1972
1974
1975
1976
1977
1978
1979
1981
1982
1983
1984
1986
1987
1988
1989
1990
1991
1992
1993
1994
1995
1996
1997
1998
1999
2000
2001
2002
2003
2004
2005
2006
2007
2008
2009
2010
2011
2012
2013
2014
2015
2016
2017
2018
2019
2020
2021
2022
2023
2024
2025
2026
2027
2028
2029
2030
2031
2034
2035
2036
2038
2039
2040
2042
2043
2044
2045
2046
2047
2048
2049
2050
2051
2052
2053
2054
2055
2056
2057
2058
2059
2060
2061
2062
2063
2064
2065
2066
2068
2069
2070
2071
2072
2073
2074
2076
2077
2078
2080
2081
2083
2084
2085
2086
2087
2089
2090
2091
2092
2093
2094
2096
2097
2098
2099
2100
2101
2102
2103
2104
2105
2106
2107
2108
2109
2110
2111
2112
2113
2114
2115
2116
2117
2118
2119
2120
2121
2123
2124
2125
2126
2127
2128
2129
2130
2131
2132
2133
2134
2135
2136
2137
2138
2139
2140
2141
2142
2143
2144
2145
2146
2147
2148
2149
2150
2151
2152
2153
2154
2155
2156
2157
2159
2160
2162
2163
2164
2165
2166
2167
2168
2169
2170
2171
2172
2173
2174
2175
2176
2177
2179
2180
2181
2182
2183
2185
2186
2187
2188
2189
2190
2191
2192
2193
2194
2195
2196
2197
2198
2199
2200
2201
2202
2203
2204
2205
2206
2207
2209
2210
2211
2212
2213
2214
2215
2216
2217
2218
2219
2220
2221
2222
2223
2224
2225
2226
2227
2228
2229
2230
2231
2232
2234
2235
2236
2237
2238
2239
2240
2242
2243
2244
2245
2246
2247
2248
2249
2250
2251
2253
2254
2255
2256
2257
2258
2259
2260
2261
2263
2265
2266
2267
2268
2269
2270
2271
2272
2273
2274
2276
2277
2278
2279
2280
2281
2282
2283
2284
2285
2286
2288
2289
2290
2292
2293
2294
2295
2296
2298
2299
2300
2301
2302
2303
2304
2305
2306
2307
2308
2309
2310
2311
2312
2313
2314
2315
2316
2317
2318
2319
2320
2321
2322
2323
2324
2325
2326
2327
2328
2329
2330
2331
2332
2333
2334
2335
2336
2337
2338
2339
2340
2341
2343
2344
2345
2346
2347
2348
2349
2350
2351
2352
2353
2354
2355
2356
2357
2358
2359
2360
2361
2362
2363
2364
2365
2366
2367
2368
2369
2370
2371
2372
2373
2374
2375
2376
2377
2378
2379
2380
2381
2382
2383
2384
2385
2387
2388
2389
2390
2391
2392
2393
2394
2395
2396
2397
2398
2399
2400
2401
2402
2403
2404
2405
2406
2407
2408
2409
2410
2411
2412
2413
2416
2417
2418
2420
2422
2423
2424
2425
2426
2427
2428
2429
2430
2431
2432
2433
2434
2435
2436
2437
2439
2440
2441
2442
2443
2444
2445
2446
2447
2448
2449
2450
2451
2452
2453
2454
2457
2458
2459
2460
2461
2462
2463
2464
2465
2466
2467
2468
2469
2470
2471
2472
2473
2474
2475
2476
2478
2479
2480
2481
2482
2483
2484
2485
2486
2487
2488
2489
2490
2491
2492
2493
2494
2495
2496
2497
2499
2500
2501
2503
2504
2505
2506
2508
2509
2510
2511
2512
2513
2514
2516
2517
2518
2519
2520
2521
2522
2523
2524
2525
2526
2527
2529
2530
2531
2532
2533
2534
2535
2536
2537
2538
2539
2540
2541
2542
2544
2545
2546
2547
2548
2549
2551
2553
2554
2555
2556
2557
2558
2559
2560
2561
2562
2563
2564
2565
2566
2567
2568
2569
2570
2571
2572
2573
2574
2575
2576
2577
2579
2580
2581
2582
2583
2584
2591
2592
2595
2596
2601
2612
2613
2614
2615
2631
2633
2635
2640
2649
2652
2654
2658
2667
2669
2674
2677
2679
2686
2692
2698
2703
2707
2713
2714
2715
2717
2718
2719
2720
2732
2739
2743
2744
2747
2750
2753
2762
2765
2767
2775
2787
2788
2789
2793
2798
2807
2811
2816
2823
2827
2829
2832
2833
2834
2839
2841
2843
2848
2855
2862
2864
2886
2888
2890
2899
2904
2907
2908
2916
2924
2926
2927
2931
2936
2939
2940
2943
2947
2948
2949
2957
2961
2973
2992
2995
3000
3006
3016
3026
3027
3041
3047
3052
3058
3060
3061
3062
3068
3078
3084
3089
3109
3113
3125
3128
3129
3131
3142
3151
3152
3153
3155
3162
3163
3167
3169
3173
3174
3176
3182
3183
3187
3190
3203
3209
3213
3219
3227
3229
3230
3231
3236
3237
3240
3242
3250
3251
3252
3254
3255
3259
3267
3275
3285
3293
3301
3307
3310
3322
3325
3326
3328
3338
3341
3343
3347
3351
3364
3385
3390
3391
3398
3403
3407
3426
3430
3431
3434
3443
3446
3449
3453
3467
3469
3473
3474
3477
3478
3480
3506
3507
3509
3512
3515
3519
3537
3543
3544
3545
3546
3557
3566
3572
3575
3578
3586
3588
3598
3602
3604
3609
3610
3614
3618
3619
3621
3622
3623
3625
3626
3628
3632
3634
3646
3654
3656
3660
3665
3666
3668
3691
3696
3703
3707
3712
3721
3724
3726
3732
3749
3750
3754
3763
3768
3778
3788
3792
3798
3801
3805
3807
3816
3823
3830
3844
3848
3849
3853
3855
3859
3860
3882
3889
3902
3904
3913
3915
3919
3929
3931
3935
3937
3948
3961
3963
3964
3967
3973
3977
3984
3985
3987
3989
3996
4004
4005
4006
4016
4028
4049
4053
4064
4065
4066
4071
4073
4078
4086
4088
4090
4092
4106
4122
4128
4134
4147
4148
4153
4168
4172
4174
4178
4189
4190
4191
4197
4201
4206
4211
4212
4214
4222
4226
4243
4247
4249
4250
4252
4257
4258
4265
4268
4276
4278
4283
4284
4288
4292
4293
4294
4298
4312
4313
4314
4315
4316
4317
4318
4319
4320
4321
4322
4323
4324
4325
4326
4327
4328
4329
4330
4331
4332
4333
4334
4335
4336
4337
4338
4339
4340
4341
4342
4343
4344
4345
4346
4347
4348
4349
4350
4351
4352
4353
4354
4355
4356
4357
4358
4359
4360
4361
4362
4363
4364
4365
4366
4367
4368
4369
4370
4371
4372
4373
4374
4375
4376
4377
4378
4379
4380
4381
4382
4383
4384
4385
4386
4387
4388
4389
4390
4391
4392
4393
4394
4395
4396
4397
4398
4399
4400
4401
4402
4403
4404
4405
4406
4407
4408
4409
4410
4411
4412
4413
4414
4415
4416
4417
4418
4419
4420
4421
4422
4423
4424
4425
4426
4427
4428
4429
4430
4431
4432
4433
4434
4435
4436
4437
4438
4439
4440
4441
4442
4443
4444
4445
4446
4447
4448
4449
4450
4451
4452
4453
4454
4455
4456
4457
4458
4459
4460
4461
4462
4463
4464
4465
4466
4467
4468
4469
4470
4471
4472
4473
4474
4475
4476
4477
4478
4479
4480
4481
4482
4483
4484
4485
4486
4487
4488
4489
4490
4491
4492
4493
4494
4495
4496
4497
4498
4499
4500
4501
4502
4503
4504
4505
4506
4507
4508
4509
4510
4511
4512
4513
4514
4515
4516
4517
4518
4519
4520
4521
4522
4523
4524
4525
4526
4527
4528
4529
4532
4533
4534
4535
4536
4541
4542
4543
4544
4547
4555
4562
4566
4567
4568
4569
4570
4571
4574
4576
4581
4582
4589
4590
4592
4593
4599
4603
4609
4621
4633
4635
4649
4658
4663
4664
4667
4669
4684
4686
4688
4701
4708
4712
4713
4714
4715
4716
4717
4718
4719
4720
4721
4722
4723
4724
4725
4726
4727
4728
4729
4730
4731
4732
4733
4734
4735
4736
4737
4738
4739
4740
4741
4742
4743
4744
4745
4746
4747
4748
4749
4750
4751
4752
4753
4754
4755
4756
4757
4758
4759
4760
4761
4762
4763
4764
4765
4766
4767
4768
4769
4770
4771
4772
4773
4775
4776
4777
4778
4779
4781
4784
4790
4797
4806
4840
4849
4850
4851
4852
4853
4854
4855
4856
4857
4858
4859
4860
4861
4862
4863
4864
4865
4866
4867
4868
4869
4870
4871
4872
4873
4874
4875
4876
4877
4878
4879
4880
4881
4882
4883
4884
4885
4886
4887
4888
4889
4890
4891
4892
4893
4894
4895
4896
4897
4898
4899
4900
4901
4902
4903
4904
4905
4906
4907
4908
4909
4910
4911
4912
4913
4914
4915
4916
4917
4918
4919
4920
4921
4922
4923
4924
4925
4926
4927
4928
4929
4930
4931
4932
4933
4934
4935
4936
4937
4938
4939
4940
4941
4942
4943
4944
4945
4946
4947
4948
4949
4950
4951
4952
4953
4954
4955
4956
4957
4958
4959
4960
4961
4962
4963
4964
4965
4966
4967
4968
4969
4970
4971
4972
4973
4974
4975
4976
4977
4978
4979
4980
4981
4982
4983
4984
4985
4986
4987
4988
4989
4990
4991
4992
4993
4994
4995
4996
4997
4998
4999
5000
5001
5002
5003
5004
5005
5018
5025
5032
5034
5041
5043
5050
5058
5065
5068
5069
5072
5073
5074
5082
5083
5085
5091
5112
5115
5117
5121
5122
5123
5127
5129
5134
5136
5137
5142
5149
5157
5158
5161
5163
5165
5167
5170
5172
5173
5177
5182
5183
5191
5193
5201
5203
5205
5207
5208
5215
5218
5221
5229
5231
5232
5233
5234
5238
5244
5246
5250
5256
5257
5258
5259
5269
5271
5274
5280
5283
5291
5292
5293
5295
5296
5298
5300
5306
5310
5312
5318
5328
5335
5336
5339
5340
5342
5345
5346
5347
5348
5354
5355
5366
5367
5380
5384
5387
5390
5391
5393
5395
5396
5398
5400
5401
5406
5410
5420
5421
5422
5423
5424
5428
5434
5435
5436
5441
5443
5444
5447
5450
5452
5456
5478
5481
5483
5487
5490
5500
5509
5514
5516
5521
5537
5546
5552
5555
5557
5562
5573
5580
5585
5586
5587
5589
5593
5603
5605
5606
5608
5609
5618
5620
5621
5622
5623
5624
5627
5654
5665
5683
5686
5693
5697
5699
5703
5704
5711
5712
5719
5725
5726
5732
5733
5735
5737
5739
5744
5752
5754
5758
5761
5765
5767
5773
5775
5779
5780
5783
5787
5788
5791
5792
5793
5798
5802
5803
5805
5806
5811
5819
5820
5825
5829
5833
5837
5848
5867
5874
5892
5917
5919
5922
5924
5925
5950
5954
5976
5980
5987
5998
6000
6003
6007
6015
6019
6037
6042
6043
6048
6049
6050
6051
6055
6056
6058
6060
6065
6067
6076
6084
6085
6086
6092
6096
6099
6104
6106
6109
6110
6113
6115
6116
6123
6124
6126
6128
6133
6135
6143
6147
6149
6151
6152
6154
6160
6161
6162
6167
6169
6171
6174
6176
6184
6190
6196
6202
6203
6204
6214
6223
6235
6238
6239
6240
6243
6247
6249
6255
6256
6257
6259
6268
6269
6278
6279
6288
6289
6290
6294
6297
6298
6300
6301
6303
6306
6309
6310
6314
6315
6321
6327
6328
6334
6335
6339
6346
6348
6360
6368
6369
6371
6381
6383
6387
6398
6401
6403
6405
6406
6413
6414
6416
6423
6429
6434
6442
6448
6451
6454
6458
6466
6483
6485
6490
6493
6496
6536
6546
6552
6554
6568
6575
6578
6589
6600
6601
6603
6607
6608
6611
6612
6613
6615
6616
6618
6619
6620
6623
6624
6625
6630
6631
6632
6633
6636
6638
6640
6643
6644
6648
6649
6650
6651
6653
6654
6655
6656
6657
6659
6662
6665
6666
6667
6669
6670
6681
6682
6683
6686
6688
6690
6694
6699
6703
6705
6707
6708
6709
6710
6713
6714
6715
6716
6717
6720
6721
6723
6724
6725
6729
6730
6731
6733
6734
6735
6738
6739
6740
6741
6742
6743
6744
6746
6747
6748
6749
6750
6753
6754
6756
6757
6758
6762
6764
6765
6768
6769
6770
6772
6773
6780
6782
6783
6785
6788
6790
6791
6792
6793
6794
6796
6799
6800
6801
6802
6803
6804
6805
6806
6808
6810
6811
6813
6814
6815
6816
6819
6820
6823
6824
6826
6830
6831
6832
6836
6838
6839
6840
6841
6842
6844
6847
6849
6852
6853
6856
6859
6863
6865
6868
6871
6872
6874
6875
6877
6879
6880
6881
6883
6884
6885
6888
6892
6893
6896
6897
6898
6899
6900
6903
6904
6907
6908
6909
6910
6911
6913
6914
6917
6918
6921
6927
6928
6930
6933
6934
6935
6936
6937
6938
6939
6940
6942
6945
6946
6947
6948
6950
6951
6952
6955
6956
6957
6959
6962
6965
6966
6972
6974
6975
6976
6977
6978
6980
6982
6984
6985
6986
6988
6989
6990
6992
6997
7002
7003
7005
7006
7008
7009
7010
7012
7014
7016
7019
7021
7022
7023
7024
7025
7026
7027
7029
7030
7033
7034
7036
7037
7042
7043
7044
7047
7049
7051
7052
7054
7055
7056
7057
7058
7059
7062
7064
7065
7067
7068
7070
7073
7075
7076
7077
7078
7080
7084
7085
7087
7088
7089
7090
7091
7092
7093
7095
7097
7100
7102
7103
7104
7106
7107
7109
7110
7111
7114
7115
7116
7118
7119
7120
7122
7123
7124
7126
7127
7130
7136
7137
7138
7139
7142
7143
7144
7151
7152
7153
7156
7157
7158
7166
7168
7183
7193
7208
7212
7217
7219
7220
7221
7224
7236
7239
7242
7244
7245
7258
7267
7268
7275
7278
7280
7284
7296
7302
7313
7315
7316
7318
7319
7322
7323
7325
7346
7348
7361
7371
7372
7377
7378
7379
7383
7390
7396
7397
7398
7402
7408
7409
7413
7414
7419
7420
7424
7425
7436
7437
7454
7455
7458
7462
7468
7470
7471
7473
7479
7492
7493
7497
7506
7507
7516
7523
7540
7550
7554
7557
7568
7569
7577
7582
7585
7590
7593
7600
7603
7611
7613
7614
7627
7628
7629
7633
7634
7641
7644
7647
7650
7651
7657
7661
7673
7677
7678
7680
7681
7686
7688
7691
7701
7703
7706
7707
7709
7715
7717
7721
7724
7730
7734
7746
7755
7757
7761
7766
7772
7774
7779
7780
7788
7790
7794
7795
7798
7800
7803
7804
7811
7812
7817
7819
7820
7823
7825
7826
7832
7834
7849
7853
7860
7861
7872
7882
7883
7885
7887
7904
7910
7914
7916
7918
7920
7921
7929
7930
7932
7939
7940
7942
7944
7945
7948
7953
7955
7960
7967
7970
7973
7975
7977
7980
7983
7984
7987
7993
7996
7998
8005
8007
8016
8022
8029
8038
8049
8050
8053
8055
8057
8058
8062
8070
8081
8083
8085
8087
8090
8096
8097
8103
8110
8113
8120
8124
8134
8137
8146
8157
8160
8169
8171
8174
8184
8212
8213
8218
8229
8231
8232
8234
8238
8244
8256
8257
8272
8273
8274
8276
8277
8295
8303
8308
8310
8314
8321
8323
8324
8328
8331
8335
8336
8341
8342
8344
8346
8359
8367
8368
8376
8379
8380
8384
8390
8392
8393
8394
8395
8403
8406
8412
8413
8419
8422
8424
8426
8431
8449
8458
8464
8470
8477
8478
8491
8499
8514
8515
8522
8524
8543
8545
8550
8556
8562
8565
8566
8571
8574
8579
8583
8584
8587
8588
8590
8611
8613
8616
8637
8643
8644
8657
8665
8671
8672
8681
8688
8692
8698
8706
8707
8711
8714
8717
8721
8729
8731
8752
8755
8757
8763
8772
8774
8775
8777
8790
8796
8800
8801
8807
8817
8819
8824
8846
8848
8854
8861
8862
8870
8879
8880
8887
8898
8901
8907
8913
8952
8954
8955
8956
8963
8969
8975
8976
8986
8992
9011
9018
9019
9021
9030
9034
9036
9037
9048
9052
9055
9065
9066
9073
9075
9083
9095
9108
9118
9124
9127
9131
9158
9189
9193
9194
9195
9196
9197
9198
9199
9200
9201
9202
9203
9204
9205
9206
9207
9208
9209
9210
9211
9212
9213
9214
9215
9216
9217
9218
9219
9220
9221
9222
9223
9224
9225
9226
9227
9228
9229
9230
9231
9232
9233
9234
9235
9236
9237
9238
9239
9240
9241
9242
9243
9244
9245
9246
9247
9248
9249
9250
9251
9252
9253
9254
9255
9256
9257
9258
9259
9260
9261
9262
9263
9264
9265
9266
9267
9268
9269
9270
9271
9272
9273
9274
9275
9276
9277
9278
9279
9280
9281
9282
9283
9284
9285
9286
9287
9288
9289
9290
9291
9292
9293
9294
9295
9296
9297
9298
9299
9300
9301
9302
9303
9304
9305
9306
9307
9308
9309
9310
9311
9312
9313
9314
9315
9316
9317
9318
9319
9320
9321
9322
9323
9324
9325
9326
9327
9328
9329
9330
9331
9332
9333
9334
9335
9336
9337
9338
9339
9340
9341
9342
9343
9344
9345
9346
9347
9348
9349
9350
9351
9352
9353
9354
9355
9356
9357
9358
9359
9360
9361
9362
9363
9364
9365
9366
9367
9368
9369
9370
9371
9372
9373
9374
9375
9376
9377
9378
9379
9380
9381
9382
9383
9384
9385
9386
9387
9388
9389
9390
9391
9392
9393
9394
9395
9396
9397
9398
9399
9400
9401
9402
9403
9404
9405
9406
9407
9408
9409
9410
9411
9412
9413
9414
9415
9416
9417
9418
9419
9420
9421
9422
9423
9424
9425
9426
9427
9428
9429
9430
9431
9432
9433
9434
9435
9436
9437
9438
9439
9440
9441
9442
9443
9444
9445
9446
9447
9448
9449
9450
9451
9452
9453
9454
9455
9456
9457
9458
9459
9460
9461
9462
9463
9464
9465
9466
9467
9468
9469
9470
9471
9472
9473
9474
9475
9476
9477
9478
9479
9480
9481
9482
9483
9484
9485
9486
9487
9488
9489
9490
9491
9492
9493
9494
9495
9496
9497
9498
9499
9500
9501
9502
9503
9504
9505
9506
9507
9508
9509
9510
9511
9512
9513
9514
9515
9516
9517
9518
9519
9520
9521
9522
9523
9524
9525
9526
9527
9528
9529
9530
9531
9532
9533
9534
9535
9536
9537
9538
9539
9540
9541
9542
9543
9544
9545
9546
9547
9548
9549
9550
9551
9552
9553
9554
9555
9556
9557
9558
9559
9560
9561
9562
9563
9564
9565
9566
9567
9568
9569
9570
9571
9572
9573
9574
9575
9576
9577
9578
9579
9580
9581
9582
9583
9584
9585
9586
9587
9588
9589
9590
9591
9592
9593
9594
9595
9596
9597
9598
9599
9600
9601
9602
9603
9604
9605
9606
9607
9608
9609
9610
9611
9612
9613
9614
9615
9616
9617
9618
9619
9620
9621
9622
9623
9624
9625
9626
9627
9628
9629
9630
9631
9632
9633
9634
9635
9636
9637
9638
9639
9640
9641
9642
9643
9644
9645
9646
9647
9648
9649
9650
9651
9652
9653
9654
9655
9656
9657
9658
9659
9660
9661
9662
9663
9664
9665
9666
9667
9668
9669
9670
9671
9672
9673
9674
9675
9676
9677
9678
9679
9680
9681
9682
9683
9684
9685
9686
9687
9688
9689
9690
9691
9692
9693
9694
9695
9696
9697
9698
9699
9700
9701
9702
9703
9704
9705
9706
9707
9708
9709
9710
9711
9712
9713
9714
9715
9716
9717
9718
9719
9720
9721
9722
9723
9724
9725
9726
9727
9728
9729
9730
9731
9732
9733
9734
9735
9736
9737
9738
9739
9740
9741
9742
9743
9744
9745
9746
9747
9748
9749
9750
9751
9752
9753
9754
9755
9756
9757
9758
9759
9760
9761
9762
9763
9764
9765
9766
9767
9768
9769
9770
9771
9772
9773
9774
9775
9776
9777
9778
9779
9780
9781
9782
9783
9784
9785
9786
9787
9788
9789
9790
9791
9792
9793
9794
9795
9796
9797
9798
9799
9800
9801
9802
9803
9804
9805
9806
9807
9808
9809
9810
9811
9812
9813
9814
9815
9816
9817
9818
9819
9820
9821
9822
9823
9824
9825
9826
9827
9828
9829
9830
9831
9832
9833
9834
9835
9836
9837
9838
9839
9840
9841
9842
9843
9844
9845
9846
9847
9848
9849
9850
9851
9852
9853
9854
9855
9856
9857
9858
9859
9860
9861
9862
9863
9864
9865
9866
9867
9868
9869
9870
9871
9872
9873
9874
9875
9876
9877
9878
9879
9880
9881
9882
9883
9884
9885
9886
9887
9888
9889
9890
9891
9892
9893
9894
9895
9896
9897
9898
9899
9900
9901
9902
9903
9904
9905
9906
9907
9908
9909
9910
9911
9912
9913
9914
9915
9916
9917
9918
9919
9920
9921
9922
9923
9924
9925
9926
9927
9928
9929
9930
9931
9932
9933
9934
9935
9936
9937
9938
9939
9940
9941
9942
9943
9944
9945
9946
9947
9948
9949
9950
9951
9952
9953
9954
9955
9956
9957
9958
9959
9960
9961
9962
9963
9964
9965
9966
9967
9968
9969
9970
9971
9972
9973
9974
9975
9976
9977
9978
9979
9980
9981
9982
9983
9984
9985
9986
9987
9988
9989
9990
9991
9992
9993
9994
9995
9996
9997
9998
9999
10000
10001
10002
10003
10004
10005
10006
10007
10008
10009
10010
10011
10012
10013
10014
10015
10016
10017
10018
10019
10020
10021
10022
10023
10024
10025
10026
10027
10028
10029
10030
10031
10032
10033
10034
10035
10036
10037
10038
10039
10040
10041
10042
10043
10044
10045
10046
10047
10048
10049
10050
10051
10052
10053
10054
10055
10056
10057
10058
10059
10060
10061
10062
10063
10064
10065
10066
10067
10068
10069
10070
10071
10072
10073
10074
10075
10076
10077
10078
10079
10080
10081
10082
10083
10084
10085
10086
10087
10088
10089
10090
10091
10092
10093
10094
10095
10096
10097
10098
10099
10100
10101
10102
10103
10104
10105
10106
10107
10108
10109
10110
10111
10112
10113
10114
10115
10116
10117
10118
10119
10120
10121
10122
10123
10124
10125
10126
10127
10128
10129
10130
10131
10132
10133
10134
10135
10137
10138
10139
10140
10141
10142
10143
10144
10145
10146
10147
10148
10149
10150
10151
10152
10153
10154
10155
10156
10157
10158
10159
10160
10161
10162
10163
10164
10165
10166
10167
10168
10169
10170
10171
10172
10173
10174
10175
10176
10177
10178
10179
10180
10181
10182
10183
10184
10185
10186
10187
10188
10189
10190
10191
10192
10193
10194
10195
10196
10197
10198
10199
10200
10201
10202
10203
10204
10205
10206
10207
10208
10209
10210
10211
10212
10213
10214
10215
10216
10217
10218
10219
10220
10221
10222
10223
10224
10225
10226
10227
10228
10229
10230
10231
10232
10233
10234
10235
10236
10237
10238
10239
10240
10241
10242
10243
10244
10245
10246
10247
10248
10249
10250
10251
10252
10253
10254
10255
10256
10257
10258
10259
10260
10261
10262
10263
10264
10265
10266
10267
10268
10269
10270
10271
10272
10273
10274
10275
10276
10277
10278
10279
10280
10281
10282
10283
10284
10285
10286
10287
10288
10289
10290
10291
10292
10293
10294
10295
10296
10297
10298
10299
10300
10301
10302
10303
10304
10305
10306
10307
10308
10309
10310
10311
10312
10313
10314
10315
10316
10317
10318
10319
10320
10321
10322
10323
10324
10325
10326
10327
10328
10329
10330
10331
10332
10333
10334
10335
10336
10337
10338
10339
10340
10341
10342
10343
10344
10345
10346
10347
10348
10349
10350
10351
10352
10353
10354
10355
10356
10357
10358
10359
10360
10361
10362
10363
10364
10365
10366
10367
10368
10369
10370
10371
10372
10373
10374
10375
10376
10377
10378
10379
10380
10381
10382
10383
10384
10385
10386
10387
10388
10389
10390
10391
10392
10393
10394
10395
10396
10397
10398
10399
10400
10401
10402
10403
10404
10405
10406
10407
10408
10409
10410
10411
10412
10413
10414
10415
10416
10417
10418
10419
10420
10421
10422
10423
10424
10425
10426
10427
10428
10429
10430
10431
10432
10433
10434
10435
10436
10437
10438
10439
10440
10441
10442
10443
10444
10445
10446
10447
10448
10449
10450
10451
10452
10453
10454
10455
10456
10457
10458
10459
10460
10461
10462
10463
10464
10465
10466
10467
10468
10469
10470
10471
10472
10473
10474
10475
10476
10477
10478
10479
10480
10481
10482
10483
10484
10485
10486
10487
10488
10489
10490
10491
10492
10493
10494
10495
10496
10497
10498
10499
10500
10501
10502
10503
10504
10505
10506
10507
10508
10509
10510
10511
10512
10513
10514
10515
10516
10517
10518
10519
10520
10521
10522
10523
10524
10525
10526
10527
10528
10529
10530
10531
10532
10533
10534
10535
10536
10537
10538
10539
10540
10541
10542
10543
10544
10545
10546
10547
10548
10549
10550
10551
10552
10553
10554
10555
10556
10557
10558
10559
10560
10561
10562
10563
10564
10565
10566
10567
10568
10569
10570
10571
10572
10573
10574
10575
10576
10577
10578
10579
10580
10581
10582
10583
10584
10585
10586
10587
10588
10589
10590
10591
10592
10593
10594
10595
10596
10597
10598
10599
10600
10601
10602
10603
10604
10605
10606
10607
10608
10609
10610
10611
10612
10613
10614
10615
10616
10617
10618
10619
10620
10621
10622
10623
10624
10625
10626
10627
10628
10629
10630
10631
10632
10633
10634
10635
10636
10637
10638
10639
10640
10641
10642
10643
10644
10645
10646
10647
10648
10649
10650
10651
10652
10653
10654
10655
10656
10657
10658
10659
10660
10661
10662
10663
10664
10665
10666
10667
10668
10669
10670
10671
10672
10673
10674
10675
10676
10677
10678
10679
10680
10681
10682
10683
10684
10685
10686
10687
10688
10689
10690
10691
10692
10693
10694
10695
10696
10697
10698
10699
10700
10701
10702
10703
10704
10705
10706
10707
10708
10709
10710
10711
10712
10713
10714
10715
10716
10717
10718
10719
10720
10721
10722
10723
10724
10725
10726
10727
10728
10729
10730
10731
10732
10733
10734
10735
10736
10737
10738
10739
10740
10741
10742
10743
10744
10745
10746
10747
10748
10749
10750
10751
10752
10753
10754
10755
10756
10757
10758
10759
10760
10761
10762
10763
10764
10765
10766
10767
10768
10769
10770
10771
10772
10773
10774
10775
10776
10777
10778
10779
10780
10781
10782
10783
10784
10785
10786
10787
10788
10789
10790
10791
10792
10793
10794
10795
10796
10797
10798
10799
10800
10801
10802
10803
10804
10805
10806
10807
10808
10809
10810
10811
10812
10813
10814
10815
10816
10817
10818
10819
10820
10821
10822
10823
10824
10825
10826
10827
10828
10829
10830
10831
10832
10833
10834
10835
10836
10837
10838
10839
10840
10841
10842
10843
10844
10845
10846
10847
10848
10849
10850
10851
10852
10853
10854
10855
10856
10857
10858
10859
10860
10861
10862
10863
10864
10865
10866
10867
10868
10869
10870
10871
10872
10873
10874
10875
10876
10877
10878
10879
10880
10881
10882
10883
10884
10885
10886
10887
10888
10889
10890
10891
10892
10893
10894
10895
10896
10897
10898
10899
10900
10901
10902
10903
10904
10905
10906
10907
10908
10909
10910
10911
10912
10913
10914
10915
10916
10917
10918
10919
10920
10921
10922
10923
10924
10925
10926
10927
10928
10929
10930
10931
10932
10933
10934
10935
10936
10937
10938
10939
10940
10941
10942
10943
10944
10945
10946
10947
10948
10949
10950
10951
10952
10953
10954
10955
10956
10957
10958
10959
10960
10961
10962
10963
10964
10965
10966
10967
10968
10969
10970
10971
10972
10973
10974
10975
10976
10977
10978
10979
10980
10981
10982
10983
10984
10985
10986
10987
10988
10989
10990
10991
10992
10993
10994
10995
10996
10997
10998
10999
11000
11001
11002
11003
11004
11005
11006
11007
11008
11009
11010
11011
11012
11013
11014
11015
11016
11017
11018
11019
11020
11021
11022
11023
11024
11025
11026
11027
11028
11029
11030
11031
11032
11033
11034
11035
11036
11037
11038
11039
11040
11041
11042
11043
11044
11045
11046
11047
11048
11049
11050
11051
11052
11053
11054
11055
11056
11057
11058
11059
11060
11061
11062
11063
11064
11065
11066
11067
11068
11069
11070
11071
11072
11073
11074
11075
11076
11077
11078
11079
11080
11081
11082
11083
11084
11085
11086
11087
11088
11089
11090
11091
11092
11093
11094
11095
11096
11097
11098
11099
11100
11101
11102
11103
11104
11105
11106
11107
11108
11109
11110
11111
11112
11113
11114
11115
11116
11117
11118
11119
11120
11121
11122
11123
11124
11125
11126
11127
11128
11129
11130
11131
11132
11133
11134
11135
11136
11137
11138
11139
11140
11141
11142
11143
11144
11145
11146
11147
11148
11149
11150
11151
11152
11153
11154
11155
11156
11157
11158
11159
11160
11161
11162
11163
11164
11165
11166
11167
11168
11169
11170
11171
11172
11173
11174
11175
11176
11177
11178
11179
11180
11181
11182
11183
11184
11185
11186
11187
11188
11189
11190
11191
11192
11193
11194
11195
11196
11197
11198
11199
11200
11201
11202
11203
11204
11205
11206
11207
11208
11209
11210
11211
11212
11213
11214
11215
11216
11217
11218
11219
11220
11221
11222
11223
11224
11225
11226
11227
11228
11229
11230
11231
11232
11233
11234
11235
11236
11237
11238
11239
11240
11241
11242
11243
11244
11245
11246
11247
11248
11249
11250
11251
11252
11253
11254
11255
11256
11257
11258
11259
11260
11261
11262
11263
11264
11265
11266
11267
11268
11269
11270
11271
11272
11273
11274
11275
11276
11277
11278
11279
11280
11281
11282
11283
11284
11285
11286
11287
11288
11289
11290
11291
11292
11293
11294
11295
11296
11297
11298
11299
11300
11301
11302
11303
11304
11305
11306
11307
11308
11309
11310
11311
11312
11313
11314
11315
11316
11317
11318
11319
11320
11321
11322
11323
11324
11325
11326
11327
11328
11329
11330
11331
11332
11333
11334
11335
11336
11337
11338
11339
11340
11341
11342
11343
11344
11345
11346
11347
11348
11349
11350
11351
11352
11353
11354
11355
11356
11357
11358
11359
11360
11361
11362
11363
11364
11365
11366
11367
11368
11369
11370
11371
11372
11373
11374
11375
11376
11377
11378
11379
11380
11381
11382
11383
11384
11385
11386
11387
11388
11389
11390
11391
11392
11393
11394
11395
11396
11397
11398
11399
11400
11401
11402
11403
11404
11405
11406
11407
11408
11409
11410
11411
11412
11413
11414
11415
11416
11417
11418
11419
11420
11421
11422
11423
11424
11425
11426
11427
11428
11429
11430
11431
11432
11433
11434
11435
11436
11437
11438
11439
11440
11441
11442
11443
11444
11445
11446
11447
11448
