# Rows in WebsiteScrapper 2.ods that should be excluded when scraping
# Includes:
#   1. Rows already scraped (found in JSON file)
#   2. Duplicate product rows (to avoid scraping same product multiple times)
# Total rows to exclude: 4087
#   - Already scraped: 829
#   - Duplicates: 3258

2
3
4
5
6
7
8
9
10
11
12
13
14
15
16
17
18
19
20
21
22
23
24
25
26
27
28
29
30
31
32
33
34
35
36
37
38
39
40
41
42
43
44
45
46
47
48
49
50
51
52
53
54
55
56
57
58
59
60
61
62
63
64
65
66
67
68
69
70
71
72
73
74
75
76
77
78
79
80
81
82
83
84
85
86
87
88
89
90
91
92
93
94
95
96
97
98
99
100
101
102
103
104
105
106
107
108
109
110
111
112
113
115
116
117
118
119
120
121
122
123
124
125
126
127
128
129
130
131
132
133
134
135
136
137
138
139
140
141
142
143
144
145
146
147
148
149
150
151
152
153
154
155
156
157
158
159
160
161
162
163
164
165
166
167
168
169
170
171
172
173
174
175
176
177
178
179
180
181
182
183
184
185
186
187
188
189
190
191
192
193
194
195
196
197
198
199
200
201
202
203
204
205
206
207
208
209
210
211
212
214
215
217
218
219
220
221
222
223
224
225
226
227
228
229
230
231
232
233
234
235
236
237
238
239
240
241
242
243
244
245
246
247
248
249
250
251
252
253
254
255
256
257
258
259
260
261
262
263
264
265
266
267
268
269
270
271
272
273
274
275
276
277
278
279
280
281
282
283
284
285
286
287
288
289
291
293
294
295
296
297
298
299
301
302
303
304
306
309
313
314
317
318
320
323
325
326
327
328
329
330
331
332
333
334
335
336
337
347
352
353
358
360
370
376
379
387
389
390
397
407
409
410
412
415
421
426
428
429
436
441
446
448
466
467
468
471
475
488
492
500
501
502
517
545
560
573
575
578
618
620
630
650
660
662
676
681
704
705
716
723
734
738
768
770
771
782
787
800
818
820
826
828
830
833
835
847
849
867
869
874
878
880
882
903
904
907
913
929
931
934
939
953
955
958
959
960
972
973
985
1001
1003
1007
1009
1015
1020
1025
1029
1031
1032
1053
1065
1078
1081
1085
1099
1117
1125
1134
1136
1148
1157
1164
1165
1168
1172
1174
1177
1190
1194
1197
1199
1204
1256
1261
1310
1311
1326
1329
1337
1339
1346
1366
1371
1380
1394
1399
1416
1423
1431
1440
1448
1453
1461
1464
1476
1477
1482
1486
1495
1503
1526
1528
1533
1535
1545
1546
1559
1578
1580
1596
1600
1609
1614
1616
1617
1624
1629
1638
1653
1673
1693
1707
1708
1712
1716
1717
1719
1723
1730
1735
1736
1742
1756
1761
1772
1799
1814
1823
1826
1828
1831
1838
1839
1848
1858
1860
1868
1870
1879
1885
1898
1901
1948
1950
1965
1991
1992
2001
2008
2021
2037
2043
2048
2063
2075
2082
2088
2103
2107
2121
2122
2128
2133
2135
2142
2149
2155
2161
2171
2180
2189
2193
2201
2218
2237
2238
2243
2270
2305
2310
2312
2321
2322
2336
2353
2354
2363
2374
2380
2431
2452
2462
2463
2471
2481
2496
2507
2513
2517
2518
2520
2533
2535
2536
2537
2538
2546
2548
2556
2585
2615
2616
2636
2641
2650
2653
2670
2675
2680
2704
2708
2716
2718
2719
2720
2733
2744
2745
2751
2754
2766
2768
2776
2789
2794
2799
2817
2828
2830
2833
2834
2835
2840
2842
2849
2856
2863
2891
2908
2937
2944
2948
2962
2974
2993
3007
3053
3059
3063
3069
3090
3126
3130
3132
3143
3163
3164
3174
3188
3210
3214
3220
3230
3238
3256
3260
3268
3276
3302
3308
3311
3323
3327
3329
3342
3344
3348
3352
3365
3391
3392
3404
3427
3432
3444
3447
3450
3454
3468
3470
3474
3475
3478
3479
3507
3510
3520
3544
3558
3587
3599
3605
3610
3622
3633
3635
3655
3669
3692
3704
3708
3727
3733
3750
3764
3769
3779
3789
3799
3806
3845
3854
3856
3883
3905
3920
3930
3932
3936
3965
3974
3978
3985
3988
4006
4017
4029
4054
4065
4067
4074
4079
4087
4089
4091
4093
4107
4123
4129
4135
4154
4169
4179
4190
4192
4198
4207
4212
4213
4223
4227
4248
4250
4251
4253
4258
4259
4269
4279
4289
4293
4294
4295
4313
4324
4330
4337
4339
4347
4352
4367
4372
4391
4397
4408
4421
4426
4434
4447
4459
4463
4467
4482
4486
4488
4489
4490
4494
4501
4502
4523
4524
4529
4536
4542
4543
4544
4563
4567
4572
4577
4594
4600
4604
4610
4622
4634
4636
4650
4664
4665
4668
4670
4687
4689
4702
4709
4713
4714
4715
4716
4717
4718
4719
4720
4721
4722
4723
4724
4725
4726
4727
4728
4729
4730
4731
4732
4733
4734
4735
4736
4737
4738
4739
4740
4741
4742
4743
4744
4745
4746
4747
4748
4749
4750
4751
4752
4753
4754
4755
4756
4757
4758
4759
4760
4761
4762
4763
4764
4765
4766
4767
4768
4769
4770
4771
4772
4773
4774
4777
4778
4779
4780
4782
4785
4791
4807
4841
4850
4851
4852
4853
4854
4855
4856
4857
4858
4859
4860
4861
4862
4863
4864
4865
4866
4867
4868
4869
4870
4871
4872
4873
4874
4875
4876
4877
4878
4879
4880
4881
4882
4883
4884
4885
4886
4887
4888
4889
4890
4891
4892
4893
4894
4895
4896
4897
4898
4899
4900
4901
4902
4903
4904
4905
4906
4907
4908
4909
4910
4911
4912
4913
4914
4915
4916
4917
4918
4919
4920
4921
4922
4923
4924
4925
4926
4927
4928
4929
4930
4931
4932
4933
4934
4935
4936
4937
4938
4939
4940
4941
4942
4943
4944
4945
4946
4947
4948
4949
4950
4951
4952
4953
4954
4955
4956
4957
4958
4959
4960
4961
4962
4963
4964
4965
4966
4967
4968
4969
4970
4971
4972
4973
4974
4975
4976
4977
4978
4979
4980
4981
4982
4983
4984
4985
4986
4987
4988
4989
4990
4991
4992
4993
4994
4995
4996
4997
4998
4999
5000
5001
5002
5003
5004
5005
5006
5019
5026
5033
5035
5042
5044
5051
5059
5070
5073
5074
5075
5083
5084
5086
5092
5116
5118
5123
5128
5130
5135
5138
5143
5150
5162
5166
5173
5178
5183
5184
5192
5194
5204
5206
5208
5209
5219
5234
5235
5239
5272
5275
5284
5293
5297
5299
5340
5343
5349
5368
5381
5388
5392
5394
5399
5402
5407
5421
5423
5424
5429
5436
5437
5442
5445
5448
5451
5453
5457
5482
5484
5491
5501
5510
5515
5517
5547
5553
5556
5563
5586
5587
5588
5604
5610
5621
5622
5623
5624
5625
5655
5666
5684
5687
5698
5704
5705
5712
5720
5726
5727
5734
5736
5759
5762
5780
5781
5803
5807
5812
5820
5821
5826
5834
5849
5868
5893
5923
5951
5955
5977
5981
5999
6008
6016
6044
6050
6051
6057
6059
6066
6068
6086
6093
6097
6100
6116
6117
6124
6125
6136
6148
6162
6168
6172
6175
6191
6197
6203
6205
6250
6256
6258
6269
6279
6280
6289
6291
6299
6301
6307
6310
6315
6322
6328
6335
6347
6349
6361
6370
6382
6388
6402
6407
6414
6424
6430
6443
6455
6459
6467
6484
6486
6491
6494
6537
6553
6555
6576
6579
6613
6651
6671
6687
6709
6710
6711
6714
6715
6716
6717
6718
6722
6724
6725
6726
6730
6731
6732
6734
6735
6736
6739
6740
6741
6742
6743
6744
6745
6747
6748
6749
6750
6751
6754
6755
6757
6758
6759
6763
6765
6766
6769
6770
6771
6773
6774
6781
6783
6784
6786
6789
6791
6792
6793
6794
6795
6797
6800
6801
6802
6803
6804
6805
6806
6807
6809
6811
6812
6814
6815
6816
6817
6820
6821
6824
6825
6827
6831
6832
6833
6837
6839
6840
6841
6842
6843
6845
6848
6850
6853
6854
6857
6860
6864
6866
6869
6872
6873
6875
6876
6878
6880
6881
6882
6884
6885
6886
6889
6893
6894
6897
6898
6899
6900
6901
6904
6905
6908
6909
6910
6911
6912
6914
6915
6918
6919
6922
6928
6929
6931
6934
6935
6936
6937
6938
6939
6940
6941
6943
6946
6947
6948
6949
6951
6952
6953
6956
6957
6960
6963
6966
6967
6973
6975
6976
6977
6978
6979
6981
6983
6985
6986
6987
6989
6990
6991
6993
6998
7003
7004
7006
7007
7009
7010
7011
7013
7015
7017
7020
7022
7023
7024
7025
7026
7027
7028
7030
7031
7034
7035
7037
7038
7043
7044
7045
7050
7052
7053
7055
7056
7057
7058
7059
7060
7063
7065
7066
7068
7069
7071
7074
7076
7077
7078
7079
7081
7085
7086
7088
7089
7090
7091
7092
7093
7094
7096
7098
7101
7103
7104
7105
7107
7108
7110
7111
7112
7115
7116
7117
7119
7120
7121
7123
7124
7125
7127
7128
7131
7137
7138
7139
7140
7143
7144
7145
7152
7153
7154
7157
7158
7159
7167
7169
7184
7194
7209
7213
7218
7220
7221
7222
7225
7237
7240
7243
7245
7246
7259
7268
7269
7276
7279
7281
7285
7297
7314
7319
7323
7326
7347
7349
7373
7378
7379
7380
7384
7397
7398
7399
7403
7415
7420
7421
7426
7437
7438
7455
7456
7459
7463
7469
7471
7474
7498
7507
7508
7517
7541
7551
7555
7569
7570
7578
7583
7586
7594
7604
7614
7628
7629
7630
7634
7635
7642
7645
7648
7651
7652
7658
7674
7678
7679
7681
7687
7689
7692
7702
7704
7707
7708
7710
7718
7722
7725
7731
7735
7747
7756
7758
7762
7767
7773
7775
7789
7791
7795
7796
7799
7801
7804
7805
7812
7813
7818
7820
7821
7824
7827
7833
7835
7850
7854
7862
7883
7884
7886
7888
7905
7911
7917
7919
7921
7922
7930
7933
7940
7943
7945
7946
7949
7954
7956
7961
7968
7974
7978
7981
7984
7985
7988
7994
7997
7999
8006
8017
8023
8030
8039
8050
8051
8056
8059
8063
8071
8082
8084
8086
8091
8097
8098
8104
8111
8114
8121
8125
8135
8138
8147
8158
8161
8170
8172
8175
8185
8213
8214
8219
8230
8232
8233
8235
8239
8245
8257
8258
8273
8274
8275
8278
8296
8304
8309
8311
8315
8322
8325
8329
8332
8337
8342
8343
8347
8360
8368
8369
8380
8381
8385
8391
8393
8394
8395
8396
8404
8407
8413
8420
8423
8450
8459
8465
8471
8478
8479
8500
8515
8516
8523
8525
8544
8546
8551
8557
8563
8566
8567
8572
8575
8580
8584
8585
8588
8589
8612
8614
8617
8638
8644
8645
8658
8666
8672
8673
8682
8693
8699
8707
8708
8712
8715
8718
8722
8730
8732
8753
8756
8758
8764
8773
8775
8776
8778
8791
8797
8801
8802
8808
8818
8820
8825
8847
8849
8855
8862
8863
8871
8880
8881
8888
8899
8902
8908
8914
8953
8956
8957
8964
8970
8976
8977
8987
9012
9019
9020
9022
9035
9037
9038
9049
9053
9056
9066
9067
9074
9076
9084
9096
9109
9119
9125
9128
9132
9159
9190
9194
9195
9196
9197
9198
9199
9200
9201
9202
9203
9204
9205
9206
9207
9208
9209
9210
9211
9212
9213
9214
9215
9216
9217
9218
9219
9220
9221
9222
9223
9224
9225
9226
9227
9228
9229
9230
9231
9232
9233
9234
9235
9236
9237
9238
9239
9240
9241
9242
9243
9244
9245
9246
9247
9248
9249
9250
9251
9252
9253
9254
9255
9256
9257
9258
9259
9260
9261
9262
9263
9264
9265
9266
9267
9268
9269
9270
9271
9272
9273
9274
9275
9276
9277
9278
9279
9280
9281
9282
9283
9284
9285
9286
9287
9288
9289
9290
9291
9292
9293
9294
9295
9296
9297
9298
9299
9300
9301
9302
9303
9304
9305
9306
9307
9308
9309
9310
9311
9312
9313
9314
9315
9316
9317
9318
9319
9320
9321
9322
9323
9324
9325
9326
9327
9328
9329
9330
9331
9332
9333
9334
9335
9336
9337
9338
9339
9340
9341
9342
9343
9344
9345
9346
9347
9348
9349
9350
9351
9352
9353
9354
9355
9356
9357
9358
9359
9360
9361
9362
9363
9364
9365
9366
9367
9368
9369
9370
9371
9372
9373
9374
9375
9376
9377
9378
9379
9380
9381
9382
9383
9384
9385
9386
9387
9388
9389
9390
9391
9392
9393
9394
9395
9396
9397
9398
9399
9400
9401
9402
9403
9404
9405
9406
9407
9408
9409
9410
9411
9412
9413
9414
9415
9416
9417
9418
9419
9420
9421
9422
9423
9424
9425
9426
9427
9428
9429
9430
9431
9432
9433
9434
9435
9436
9437
9438
9439
9440
9441
9442
9443
9444
9445
9446
9447
9448
9449
9450
9451
9452
9453
9454
9455
9456
9457
9458
9459
9460
9461
9462
9463
9464
9465
9466
9467
9468
9469
9470
9471
9472
9473
9474
9475
9476
9477
9478
9479
9480
9481
9482
9483
9484
9485
9486
9487
9488
9489
9490
9491
9492
9493
9494
9495
9496
9497
9498
9499
9500
9501
9502
9503
9504
9505
9506
9507
9508
9509
9510
9511
9512
9513
9514
9515
9516
9517
9518
9519
9520
9521
9522
9523
9524
9525
9526
9527
9528
9529
9530
9531
9532
9533
9534
9535
9536
9537
9538
9539
9540
9541
9542
9543
9544
9545
9546
9547
9548
9549
9550
9551
9552
9553
9554
9555
9556
9557
9558
9559
9560
9561
9562
9563
9564
9565
9566
9567
9568
9569
9570
9571
9572
9573
9574
9575
9576
9577
9578
9579
9580
9581
9582
9583
9584
9585
9586
9587
9588
9589
9590
9591
9592
9593
9594
9595
9596
9597
9598
9599
9600
9601
9602
9603
9604
9605
9606
9607
9608
9609
9610
9611
9612
9613
9614
9615
9616
9617
9618
9619
9620
9621
9622
9623
9624
9625
9626
9627
9628
9629
9630
9631
9632
9633
9634
9635
9636
9637
9638
9639
9640
9641
9642
9643
9644
9645
9646
9647
9648
9649
9650
9651
9652
9653
9654
9655
9656
9657
9658
9659
9660
9661
9662
9663
9664
9665
9666
9667
9668
9669
9670
9671
9672
9673
9674
9675
9676
9677
9678
9679
9680
9681
9682
9683
9684
9685
9686
9687
9688
9689
9690
9691
9692
9693
9694
9695
9696
9697
9698
9699
9700
9701
9702
9703
9704
9705
9706
9707
9708
9709
9710
9711
9712
9713
9714
9715
9716
9717
9718
9719
9720
9721
9722
9723
9724
9725
9726
9727
9728
9729
9730
9731
9732
9733
9734
9735
9736
9737
9738
9739
9740
9741
9742
9743
9744
9745
9746
9747
9748
9749
9750
9751
9752
9753
9754
9755
9756
9757
9758
9759
9760
9761
9762
9763
9764
9765
9766
9767
9768
9769
9770
9771
9772
9773
9774
9775
9776
9777
9778
9779
9780
9781
9782
9783
9784
9785
9786
9787
9788
9789
9790
9791
9792
9793
9794
9795
9796
9797
9798
9799
9800
9801
9802
9803
9804
9805
9806
9807
9808
9809
9810
9811
9812
9813
9814
9815
9816
9817
9818
9819
9820
9821
9822
9823
9824
9825
9826
9827
9828
9829
9830
9831
9832
9833
9834
9835
9836
9837
9838
9839
9840
9841
9842
9843
9844
9845
9846
9847
9848
9849
9850
9851
9852
9853
9854
9855
9856
9857
9858
9859
9860
9861
9862
9863
9864
9865
9866
9867
9868
9869
9870
9871
9872
9873
9874
9875
9876
9877
9878
9879
9880
9881
9882
9883
9884
9885
9886
9887
9888
9889
9890
9891
9892
9893
9894
9895
9896
9897
9898
9899
9900
9901
9902
9903
9904
9905
9906
9907
9908
9909
9910
9911
9912
9913
9914
9915
9916
9917
9918
9919
9920
9921
9922
9923
9924
9925
9926
9927
9928
9929
9930
9931
9932
9933
9934
9935
9936
9937
9938
9939
9940
9941
9942
9943
9944
9945
9946
9947
9948
9949
9950
9951
9952
9953
9954
9955
9956
9957
9958
9959
9960
9961
9962
9963
9964
9965
9966
9967
9968
9969
9970
9971
9972
9973
9974
9975
9976
9977
9978
9979
9980
9981
9982
9983
9984
9985
9986
9987
9988
9989
9990
9991
9992
9993
9994
9995
9996
9997
9998
9999
10000
10001
10002
10003
10004
10005
10006
10007
10008
10009
10010
10011
10012
10013
10014
10015
10016
10017
10018
10019
10020
10021
10022
10023
10024
10025
10026
10027
10028
10029
10030
10031
10032
10033
10034
10035
10036
10037
10038
10039
10040
10041
10042
10043
10044
10045
10046
10047
10048
10049
10050
10051
10052
10053
10054
10055
10056
10057
10058
10059
10060
10061
10062
10063
10064
10065
10066
10067
10068
10069
10070
10071
10072
10073
10074
10075
10076
10077
10078
10079
10080
10081
10082
10083
10084
10085
10086
10087
10088
10089
10090
10091
10092
10093
10094
10095
10096
10097
10098
10099
10100
10101
10102
10103
10104
10105
10106
10107
10108
10109
10110
10111
10112
10113
10114
10115
10116
10117
10118
10119
10120
10121
10122
10123
10124
10125
10126
10127
10128
10129
10130
10131
10132
10133
10134
10135
10136
10138
10139
10140
10141
10142
10143
10144
10145
10146
10147
10148
10149
10150
10151
10152
10153
10154
10155
10156
10157
10158
10159
10160
10161
10162
10163
10164
10165
10166
10167
10168
10169
10170
10171
10172
10173
10174
10175
10176
10177
10178
10179
10180
10181
10182
10183
10184
10185
10186
10187
10188
10189
10190
10191
10192
10193
10194
10195
10196
10197
10198
10199
10200
10201
10202
10203
10204
10205
10206
10207
10208
10209
10210
10211
10212
10213
10214
10215
10216
10217
10218
10219
10220
10221
10222
10223
10224
10225
10226
10227
10228
10229
10230
10231
10232
10233
10234
10235
10236
10237
10238
10239
10240
10241
10242
10243
10244
10245
10246
10247
10248
10249
10250
10251
10252
10253
10254
10255
10256
10257
10258
10259
10260
10261
10262
10263
10264
10265
10266
10267
10268
10269
10270
10271
10272
10273
10274
10275
10276
10277
10278
10279
10280
10281
10282
10283
10284
10285
10286
10287
10288
10289
10290
10291
10292
10293
10294
10295
10296
10297
10298
10299
10300
10301
10302
10303
10304
10305
10306
10307
10308
10309
10310
10311
10312
10313
10314
10315
10316
10317
10318
10319
10320
10321
10322
10323
10324
10325
10326
10327
10328
10329
10330
10331
10332
10333
10334
10335
10336
10337
10338
10339
10340
10341
10342
10343
10344
10345
10346
10347
10348
10349
10350
10351
10352
10353
10354
10355
10356
10357
10358
10359
10360
10361
10362
10363
10364
10365
10366
10367
10368
10369
10370
10371
10372
10373
10374
10375
10376
10377
10378
10379
10380
10381
10382
10383
10384
10385
10386
10387
10388
10389
10390
10391
10392
10393
10394
10395
10396
10397
10398
10399
10400
10401
10402
10403
10404
10405
10406
10407
10408
10409
10410
10411
10412
10413
10414
10415
10416
10417
10418
10419
10420
10421
10422
10423
10424
10425
10426
10427
10428
10429
10430
10431
10432
10433
10434
10435
10436
10437
10438
10439
10440
10441
10442
10443
10444
10445
10446
10447
10448
10449
10450
10451
10452
10453
10454
10455
10456
10457
10458
10459
10460
10461
10462
10463
10464
10465
10466
10467
10468
10469
10470
10471
10472
10473
10474
10475
10476
10477
10478
10479
10480
10481
10482
10483
10484
10485
10486
10487
10488
10489
10490
10491
10492
10493
10494
10495
10496
10497
10498
10499
10500
10501
10502
10503
10504
10505
10506
10507
10508
10509
10510
10511
10512
10513
10514
10515
10516
10517
10518
10519
10520
10521
10522
10523
10524
10525
10526
10527
10528
10529
10530
10531
10532
10533
10534
10535
10536
10537
10538
10539
10540
10541
10542
10543
10544
10545
10546
10547
10548
10549
10550
10551
10552
10553
10554
10555
10556
10557
10558
10559
10560
10561
10562
10563
10564
10565
10566
10567
10568
10569
10570
10571
10572
10573
10574
10575
10576
10577
10578
10579
10580
10581
10582
10583
10584
10585
10586
10587
10588
10589
10590
10591
10592
10593
10594
10595
10596
10597
10598
10599
10600
10601
10602
10603
10604
10605
10606
10607
10608
10609
10610
10611
10612
10613
10614
10615
10616
10617
10618
10619
10620
10621
10622
10623
10624
10625
10626
10627
10628
10629
10630
10631
10632
10633
10634
10635
10636
10637
10638
10639
10640
10641
10642
10643
10644
10645
10646
10647
10648
10649
10650
10651
10652
10653
10654
10655
10656
10657
10658
10659
10660
10661
10662
10663
10664
10665
10666
10667
10668
10669
10670
10671
10672
10673
10674
10675
10676
10677
10678
10679
10680
10681
10682
10683
10684
10685
10686
10687
10688
10689
10690
10691
10692
10693
10694
10695
10696
10697
10698
10699
10700
10701
10702
10703
10704
10705
10706
10707
10708
10709
10710
10711
10712
10713
10714
10715
10716
10717
10718
10719
10720
10721
10722
10723
10724
10725
10726
10727
10728
10729
10730
10731
10732
10733
10734
10735
10736
10737
10738
10739
10740
10741
10742
10743
10744
10745
10746
10747
10748
10749
10750
10751
10752
10753
10754
10755
10756
10757
10758
10759
10760
10761
10762
10763
10764
10765
10766
10767
10768
10769
10770
10771
10772
10773
10774
10775
10776
10777
10778
10779
10780
10781
10782
10783
10784
10785
10786
10787
10788
10789
10790
10791
10792
10793
10794
10795
10796
10797
10798
10799
10800
10801
10802
10803
10804
10805
10806
10807
10808
10809
10810
10811
10812
10813
10814
10815
10816
10817
10818
10819
10820
10821
10822
10823
10824
10825
10826
10827
10828
10829
10830
10831
10832
10833
10834
10835
10836
10837
10838
10839
10840
10841
10842
10843
10844
10845
10846
10847
10848
10849
10850
10851
10852
10853
10854
10855
10856
10857
10858
10859
10860
10861
10862
10863
10864
10865
10866
10867
10868
10869
10870
10871
10872
10873
10874
10875
10876
10877
10878
10879
10880
10881
10882
10883
10884
10885
10886
10887
10888
10889
10890
10891
10892
10893
10894
10895
10896
10897
10898
10899
10900
10901
10902
10903
10904
10905
10906
10907
10908
10909
10910
10911
10912
10913
10914
10915
10916
10917
10918
10919
10920
10921
10922
10923
10924
10925
10926
10927
10928
10929
10930
10931
10932
10933
10934
10935
10936
10937
10938
10939
10940
10941
10942
10943
10944
10945
10946
10947
10948
10949
10950
10951
10952
10953
10954
10955
10956
10957
10958
10959
10960
10961
10962
10963
10964
10965
10966
10967
10968
10969
10970
10971
10972
10973
10974
10975
10976
10977
10978
10979
10980
10981
10982
10983
10984
10985
10986
10987
10988
10989
10990
10991
10992
10993
10994
10995
10996
10997
10998
10999
11000
11001
11002
11003
11004
11005
11006
11007
11008
11009
11010
11011
11012
11013
11014
11015
11016
11017
11018
11019
11020
11021
11022
11023
11024
11025
11026
11027
11028
11029
11030
11031
11032
11033
11034
11035
11036
11037
11038
11039
11040
11041
11042
11043
11044
11045
11046
11047
11048
11049
11050
11051
11052
11053
11054
11055
11056
11057
11058
11059
11060
11061
11062
11063
11064
11065
11066
11067
11068
11069
11070
11071
11072
11073
11074
11075
11076
11077
11078
11079
11080
11081
11082
11083
11084
11085
11086
11087
11088
11089
11090
11091
11092
11093
11094
11095
11096
11097
11098
11099
11100
11101
11102
11103
11104
11105
11106
11107
11108
11109
11110
11111
11112
11113
11114
11115
11116
11117
11118
11119
11120
11121
11122
11123
11124
11125
11126
11127
11128
11129
11130
11131
11132
11133
11134
11135
11136
11137
11138
11139
11140
11141
11142
11143
11144
11145
11146
11147
11148
11149
11150
11151
11152
11153
11154
11155
11156
11157
11158
11159
11160
11161
11162
11163
11164
11165
11166
11167
11168
11169
11170
11171
11172
11173
11174
11175
11176
11177
11178
11179
11180
11181
11182
11183
11184
11185
11186
11187
11188
11189
11190
11191
11192
11193
11194
11195
11196
11197
11198
11199
11200
11201
11202
11203
11204
11205
11206
11207
11208
11209
11210
11211
11212
11213
11214
11215
11216
11217
11218
11219
11220
11221
11222
11223
11224
11225
11226
11227
11228
11229
11230
11231
11232
11233
11234
11235
11236
11237
11238
11239
11240
11241
11242
11243
11244
11245
11246
11247
11248
11249
11250
11251
11252
11253
11254
11255
11256
11257
11258
11259
11260
11261
11262
11263
11264
11265
11266
11267
11268
11269
11270
11271
11272
11273
11274
11275
11276
11277
11278
11279
11280
11281
11282
11283
11284
11285
11286
11287
11288
11289
11290
11291
11292
11293
11294
11295
11296
11297
11298
11299
11300
11301
11302
11303
11304
11305
11306
11307
11308
11309
11310
11311
11312
11313
11314
11315
11316
11317
11318
11319
11320
11321
11322
11323
11324
11325
11326
11327
11328
11329
11330
11331
11332
11333
11334
11335
11336
11337
11338
11339
11340
11341
11342
11343
11344
11345
11346
11347
11348
11349
11350
11351
11352
11353
11354
11355
11356
11357
11358
11359
11360
11361
11362
11363
11364
11365
11366
11367
11368
11369
11370
11371
11372
11373
11374
11375
11376
11377
11378
11379
11380
11381
11382
11383
11384
11385
11386
11387
11388
11389
11390
11391
11392
11393
11394
11395
11396
11397
11398
11399
11400
11401
11402
11403
11404
11405
11406
11407
11408
11409
11410
11411
11412
11413
11414
11415
11416
11417
11418
11419
11420
11421
11422
11423
11424
11425
11426
11427
11428
11429
11430
11431
11432
11433
11434
11435
11436
11437
11438
11439
11440
11441
11442
11443
11444
11445
11446
11447
11448
11449
